cam0:
  T_cam_body:
  - [ -0.57357624, -0.81915218,  0.00000000,  0.36702939]
  - [  0.25483130, -0.17843471, -0.95037996,  0.16654408]
  - [  0.77850582, -0.54511536,  0.31109152, -0.15660937]
  - [  0.00000000,  0.00000000,  0.00000000,  1.00000000]
  camera_model: pinhole
  distortion_coeffs: [  0.03381500, -0.04745300,  0.00061700, -0.00016200,  0.00000000]
  distortion_model: plumb_bob
  intrinsics: [907.58062600,908.17893300,800.91307300,678.79236300]
  resolution: [1600,1300]
cam1:
  T_cam_body:
  - [  0.93963651, -0.34065260,  0.03223398, -0.13197164]
  - [  0.12884036,  0.26496175, -0.95561260,  0.07735885]
  - [  0.31699114,  0.90208153,  0.29285754, -0.42682143]
  - [  0.00000000,  0.00000000,  0.00000000,  1.00000000]
  camera_model: pinhole
  distortion_coeffs: [  0.03487700, -0.04841800, -0.00005400,  0.00004300,  0.00000000]
  distortion_model: plumb_bob
  intrinsics: [908.90584800,908.97845500,814.30484000,614.71947500]
  resolution: [1600,1300]
cam2:
  T_cam_body:
  - [  0.60151326, -0.79834628,  0.02872289, -0.36960699]
  - [  0.31415146,  0.20333320, -0.92734269,  0.17188694]
  - [  0.73450027,  0.56683227,  0.37310927, -0.13169865]
  - [  0.00000000,  0.00000000,  0.00000000,  1.00000000]
  camera_model: pinhole
  distortion_coeffs: [  0.03986600, -0.05485700,  0.00047100,  0.00025300,  0.00000000]
  distortion_model: plumb_bob
  intrinsics: [910.33609000,910.62720000,787.82826000,627.19060000]
  resolution: [1600,1300]
cam3:
  T_cam_body:
  - [ -0.92919857, -0.36891817, -0.02212240,  0.13014518]
  - [  0.14401021, -0.30629373, -0.94098098,  0.07987695]
  - [  0.34036903, -0.87754403,  0.33773568, -0.43326077]
  - [  0.00000000,  0.00000000,  0.00000000,  1.00000000]
  camera_model: pinhole
  distortion_coeffs: [  0.03516500, -0.04979000, -0.00008900, -0.00098700,  0.00000000]
  distortion_model: plumb_bob
  intrinsics: [907.19483000,908.17939000,809.68159000,620.78939000]
  resolution: [1600,1300]
