# D = [0.03487687057538078, -0.04841802909282188, -5.445732491786878e-05, 4.2593421518853334e-05, 0.0]
# K = [908.9058480716462, 0.0, 814.3048403148129, 0.0, 908.9784553685993, 614.7194745256666, 0.0, 0.0, 1.0]
# R = [1.0, 0.0, 0.0, 0.0, 1.0, 0.0, 0.0, 0.0, 1.0]
# P = [906.8183410675485, 0.0, 815.399955644759, 0.0, 0.0, 913.5507458539367, 614.1395853067744, 0.0, 0.0, 0.0, 1.0, 0.0]
# None
# # oST version 5.0 parameters


# [image]

# width
# 1600

# height
# 1300

# [narrow_stereo]

# camera matrix
# 908.905848 0.000000 814.304840
# 0.000000 908.978455 614.719475
# 0.000000 0.000000 1.000000

# distortion
# 0.034877 -0.048418 -0.000054 0.000043 0.000000

# rectification
# 1.000000 0.000000 0.000000
# 0.000000 1.000000 0.000000
# 0.000000 0.000000 1.000000

# projection
# 906.818341 0.000000 815.399956 0.000000
# 0.000000 913.550746 614.139585 0.000000
# 0.000000 0.000000 1.000000 0.000000


image_width: 1600
image_height: 1300
camera_name: ov2311_10_9_0_10_video1
camera_matrix:
  rows: 3
  cols: 3
  data: [908.905848, 0.000000, 814.304840,
         0.000000, 908.978455, 614.719475,
         0.000000, 0.000000, 1.000000]
distortion_model: plumb_bob
distortion_coefficients:
  rows: 1
  cols: 5
  data: [0.034877, -0.048418, -0.000054, 0.000043, 0.000000]
rectification_matrix:
  rows: 3
  cols: 3
  data: [1., 0., 0.,
         0., 1., 0.,
         0., 0., 1.]
projection_matrix:
  rows: 3
  cols: 4
  data: [906.818341, 0.000000, 815.399956, 0.000000,
         0.000000, 913.550746, 614.139585, 0.000000,
         0.000000, 0.000000, 1.000000, 0.000000]