image_width: 1600
image_height: 1300
camera_name: ov2311_10_9_0_9_video0
camera_matrix:
  rows: 3
  cols: 3
  data: [905.2780997000,   0.     , 796.1073700000,
           0.     , 905.2526142000 , 680.8553286000 ,
           0.     ,   0.     ,   1.     ]
distortion_model: plumb_bob
distortion_coefficients:
  rows: 1
  cols: 5
  data: [0.0489116686, -0.0826897586, 0.0012620946, -0.0003600987, 0.0237817782]
rectification_matrix:
  rows: 3
  cols: 3
  data: [1., 0., 0.,
         0., 1., 0.,
         0., 0., 1.]
projection_matrix:
  rows: 3
  cols: 4
  data: [905.2780997,   0.     , 796.10737,   0.     ,
           0.     , 905.2526142 , 680.8553286,   0.     ,
           0.     ,   0.     ,   1.     ,   0.     ]
