image_width: 1600
image_height: 1300
camera_name: ov2311_10_9_0_9_video1
camera_matrix:
  rows: 3
  cols: 3
  data: [910.8627566000,   0.     , 812.2285899000,
           0.     , 910.8535509000, 614.3256909000,
           0.     ,   0.     ,   1.     ]
distortion_model: plumb_bob
distortion_coefficients:
  rows: 1
  cols: 5
  data: [0.0481465817, -0.0773277764, -0.0000923701, 0.0001062880, 0.0173194723]
rectification_matrix:
  rows: 3
  cols: 3
  data: [1., 0., 0.,
         0., 1., 0.,
         0., 0., 1.]
projection_matrix:
  rows: 3
  cols: 4
  data: [910.8627566,   0.     , 812.2285899,   0.     ,
           0.     , 910.8535509 , 614.3256909,   0.     ,
           0.     ,   0.     ,   1.     ,   0.     ]
