# D = [0.03381493050287979, -0.04745253271169288, 0.0006170204011348828, -0.00016178320844462357, 0.0]
# K = [907.5806261402963, 0.0, 800.913073279127, 0.0, 908.1789325273749, 678.7923628014016, 0.0, 0.0, 1.0]
# R = [1.0, 0.0, 0.0, 0.0, 1.0, 0.0, 0.0, 0.0, 1.0]
# P = [905.2403379585264, 0.0, 800.641268984888, 0.0, 0.0, 912.4204848255031, 680.0850581191742, 0.0, 0.0, 0.0, 1.0, 0.0]
# None
# # oST version 5.0 parameters


# [image]

# width
# 1600

# height
# 1300

# [narrow_stereo]

# camera matrix
# 907.580626 0.000000 800.913073
# 0.000000 908.178933 678.792363
# 0.000000 0.000000 1.000000

# distortion
# 0.033815 -0.047453 0.000617 -0.000162 0.000000

# rectification
# 1.000000 0.000000 0.000000
# 0.000000 1.000000 0.000000
# 0.000000 0.000000 1.000000

# projection
# 905.240338 0.000000 800.641269 0.000000
# 0.000000 912.420485 680.085058 0.000000
# 0.000000 0.000000 1.000000 0.000000



image_width: 1600
image_height: 1300
camera_name: ov2311_10_9_0_10_video0
camera_matrix:
  rows: 3
  cols: 3
  data: [910.6291839000,   0.      , 786.7107435000,
           0.      , 910.7125457000, 625.9050966000,
           0.      ,   0.      ,   1.     ]
distortion_model: plumb_bob
distortion_coefficients:
  rows: 1
  cols: 5
  data: [0.0472140054, -0.0720803351, 0.0002088803, -0.0001783977, 0.0114996117]
rectification_matrix:
  rows: 3
  cols: 3
  data: [1., 0., 0.,
         0., 1., 0.,
         0., 0., 1.]
projection_matrix:
  rows: 3
  cols: 4
  data: [910.6291839, 0.000000, 786.7107435, 0.000000,
         0.000000, 910.7125457, 625.9050966, 0.000000,
         0.000000, 0.000000, 1.000000, 0.000000]
