cam0:
  T_cam_body:
  - [ -0.57357624, -0.81915218,  0.00000000,  0.36702939]
  - [  0.25483130, -0.17843471, -0.95037996,  0.16654408]
  - [  0.77850582, -0.54511536,  0.31109152, -0.15660937]
  - [  0.00000000,  0.00000000,  0.00000000,  1.00000000]
  camera_model: pinhole
  distortion_coeffs: [  0.03381500, -0.04745300,  0.00061700, -0.00016200,  0.00000000]
  distortion_model: plumb_bob
  intrinsics: [907.58062600,908.17893300,800.91307300,678.79236300]
  resolution: [1600,1300]
cam1:
  T_cam_body:
  - [  0.95715112, -0.28619402,  0.04421208, -0.18873263]
  - [  0.12505270,  0.27077629, -0.95448521,  0.07429076]
  - [  0.26119638,  0.91911543,  0.29496317, -0.37711744]
  - [  0.00000000,  0.00000000,  0.00000000,  1.00000000]
  camera_model: pinhole
  distortion_coeffs: [  0.03487700, -0.04841800, -0.00005400,  0.00004300,  0.00000000]
  distortion_model: plumb_bob
  intrinsics: [908.90584800,908.97845500,814.30484000,614.71947500]
  resolution: [1600,1300]
cam2:
  T_cam_body:
  - [  0.61736194, -0.78614012,  0.02911958, -0.39306600]
  - [  0.30151296,  0.20226693, -0.93176071,  0.18199153]
  - [  0.72660455,  0.58401354,  0.36190334, -0.12943285]
  - [  0.00000000,  0.00000000,  0.00000000,  1.00000000]
  camera_model: pinhole
  distortion_coeffs: [  0.03986600, -0.05485700,  0.00047100,  0.00025300,  0.00000000]
  distortion_model: plumb_bob
  intrinsics: [910.33609000,910.62720000,787.82826000,627.19060000]
  resolution: [1600,1300]
cam3:
  T_cam_body:
  - [ -0.94523048, -0.32606754, -0.01480867,  0.18399354]
  - [  0.11605135, -0.29332166, -0.94894388,  0.12244190]
  - [  0.30507609, -0.89868925,  0.31509715, -0.40368308]
  - [  0.00000000,  0.00000000,  0.00000000,  1.00000000]
  camera_model: pinhole
  distortion_coeffs: [  0.03516500, -0.04979000, -0.00008900, -0.00098700,  0.00000000]
  distortion_model: plumb_bob
  intrinsics: [907.19483000,908.17939000,809.68159000,620.78939000]
  resolution: [1600,1300]
